-0.0249972 -0.0249972 1
0.0193936 -0.0295596 1
0.0443814 -0.0302096 1
0.0693753 -0.0308414 1
0.0943692 -0.0311862 1
0.119369 -0.0314883 1
0.144369 -0.0314364 1
0.169369 -0.0313846 1
0.194369 -0.0314578 1
0.219369 -0.03147 1
0.244369 -0.0312564 1
0.269369 -0.0310153 1
0.294369 -0.0307834 1
0.319363 -0.0305087 1
0.344363 -0.0300448 1
0.369357 -0.0296054 1
0.394357 -0.0292544 1
0.419351 -0.0289157 1
0.444351 -0.0286288 1
0.469351 -0.0283511 1
0.494345 -0.0281039 1
0.519345 -0.0278659 1
0.544345 -0.0276492 1
0.569345 -0.0274386 1
0.594345 -0.0272159 1
0.619345 -0.0270114 1
0.644345 -0.0268374 1
0.669345 -0.0266757 1
0.694339 -0.0265384 1
0.719339 -0.0264133 1
0.744339 -0.0263034 1
0.769339 -0.0262027 1
0.794339 -0.0261172 1
0.819339 -0.0260409 1
0.844339 -0.0259738 1
0.869339 -0.0259158 1
0.894339 -0.0258945 1
0.919339 -0.025867 1
0.944339 -0.0258304 1
0.969339 -0.0257876 1
0.994339 -0.0257297 1
1.01934 -0.0256747 1
1.04434 -0.0256259 1
1.06934 -0.0255801 1
1.09434 -0.0255404 1
1.11934 -0.0255038 1
1.14434 -0.0254703 1
1.16934 -0.0254428 1
1.19434 -0.0254153 1
1.21934 -0.025394 1
1.24434 -0.0253848 1
1.26934 -0.0253726 1
1.29434 -0.0253482 1
1.31934 -0.0253238 1
1.34434 -0.0253055 1
1.36934 -0.0252841 1
1.39434 -0.0252688 1
1.41934 -0.0252536 1
1.44434 -0.0252505 1
1.46934 -0.0252414 1
1.49434 -0.0252261 1
1.51934 -0.0252109 1
1.54434 -0.0251987 1
1.56934 -0.0251864 1
1.59434 -0.0251773 1
1.61934 -0.0251681 1
1.64434 -0.025162 1
1.66934 -0.025159 1
1.69434 -0.0251468 1
1.71934 -0.0251376 1
1.74434 -0.0251315 1
1.76934 -0.0251224 1
1.79434 -0.0251163 1
1.81934 -0.0251102 1
1.84434 -0.0251071 1
1.86934 -0.025104 1
1.89434 -0.0250979 1
1.91934 -0.0250918 1
1.94434 -0.0250857 1
1.96934 -0.0250796 1
1.99434 -0.0250766 1
2.01934 -0.0250705 1
2.04434 -0.0250674 1
2.06934 -0.0250644 1
2.09434 -0.0250644 1
2.11934 -0.0250644 1
2.14434 -0.0250613 1
2.16934 -0.0250583 1
2.19434 -0.0250552 1
2.21934 -0.0250522 1
2.24434 -0.0250461 1
2.26934 -0.025043 1
2.29434 -0.02504 1
2.31934 -0.02504 1
2.34434 -0.0250369 1
2.36934 -0.0250339 1
2.39434 -0.0250308 1
2.41934 -0.0250308 1
2.44434 -0.0250278 1
2.46934 -0.0250278 1
2.49434 -0.0250278 1
2.51934 -0.0250278 1
2.54434 -0.0250247 1
2.56934 -0.0250247 1
2.59434 -0.0250217 1
2.61934 -0.0250217 1
2.64434 -0.0250186 1
2.66934 -0.0250186 1
2.69434 -0.0250155 1
2.71934 -0.0250155 1
2.74434 -0.0250155 1
2.76934 -0.0250125 1
2.79434 -0.0250125 1
2.81934 -0.0250125 1
2.84434 -0.0250125 1
2.86934 -0.0250125 1
2.89434 -0.0250094 1
2.91934 -0.0250094 1
2.94434 -0.0250094 1
2.96934 -0.0250094 1
2.99434 -0.0250094 1
3.01934 -0.0250064 1
3.04434 -0.0250064 1
3.06934 -0.0250064 1
3.09434 -0.0250064 1
3.11934 -0.0250064 1
3.14434 -0.0250064 1
3.16934 -0.0250064 1
3.19434 -0.0250064 1
3.21934 -0.0250033 1
3.24434 -0.0250033 1
3.26934 -0.0250033 1
3.29434 -0.0250033 1
3.31934 -0.0250033 1
3.34434 -0.0250033 1
3.36934 -0.0250033 1
3.39434 -0.0250003 1
3.41934 -0.0250003 1
3.44434 -0.0250003 1
3.46934 -0.0250003 1
3.49434 -0.0250003 1
3.51934 -0.0250003 1
3.54434 -0.0250003 1
3.56934 -0.0250003 1
3.59434 -0.0250003 1
3.61934 -0.0250003 1
3.64434 -0.0250003 1
3.66934 -0.0250003 1
3.69434 -0.0250003 1
3.71934 -0.0250003 1
3.74434 -0.0250003 1
3.76934 -0.0250003 1
3.79434 -0.0250003 1
3.81934 -0.0250003 1
3.84434 -0.0250003 1
3.86934 -0.0250003 1
3.89434 -0.0250003 1
3.91934 -0.0250003 1
3.94434 -0.0250003 1
3.96934 -0.0250003 1
3.99434 -0.0249972 1
4.01934 -0.0249972 1
4.04434 -0.0249972 1
4.06934 -0.0249972 1
4.09434 -0.0249972 1
4.11934 -0.0249972 1
4.14434 -0.0249972 1
4.16934 -0.0249972 1
4.19434 -0.0249972 1
4.21934 -0.0249972 1
4.24434 -0.0249972 1
4.26934 -0.0249972 1
4.29434 -0.0249972 1
4.31934 -0.0249972 1
4.34434 -0.0249972 1
4.36934 -0.0249972 1
4.39434 -0.0249972 1
4.41934 -0.0249972 1
4.44434 -0.0249972 1
4.46934 -0.0249972 1
4.49434 -0.0249972 1
4.51934 -0.0249972 1
4.54434 -0.0249972 1
4.56934 -0.0249972 1
4.59434 -0.0249972 1
4.61934 -0.0249972 1
4.64434 -0.0249972 1
4.66934 -0.0249972 1
4.69434 -0.0249972 1
4.71934 -0.0249972 1
4.74434 -0.0249972 1
4.76934 -0.0249972 1
4.79434 -0.0249972 1
4.81934 -0.0249972 1
4.84434 -0.0249972 1
4.86934 -0.0249972 1
4.89434 -0.0249972 1
4.91934 -0.0249972 1
4.94434 -0.0249972 1
4.96934 -0.0249972 1
4.99434 -0.0249972 1
5.01934 -0.0249972 1
5.04434 -0.0249972 1
5.06934 -0.0249972 1
5.09434 -0.0249972 1
5.11934 -0.0249972 1
5.14434 -0.0249972 1
5.16934 -0.0249972 1
5.19434 -0.0249972 1
5.21934 -0.0249972 1
5.24434 -0.0249972 1
5.26934 -0.0249972 1
5.29434 -0.0249972 1
5.31934 -0.0249972 1
5.34434 -0.0249972 1
5.36934 -0.0249972 1
5.39434 -0.0249972 1
5.41934 -0.0249972 1
5.44434 -0.0249972 1
5.46934 -0.0249972 1
5.49434 -0.0249972 1
5.51934 -0.0249972 1
5.54434 -0.0249972 1
5.56934 -0.0249972 1
5.59434 -0.0249972 1
5.61934 -0.0249972 1
5.64434 -0.0249972 1
5.66934 -0.0249972 1
5.69434 -0.0249972 1
5.71934 -0.0249972 1
5.74434 -0.0249972 1
5.76934 -0.0249972 1
5.79434 -0.0249972 1
5.81934 -0.0249972 1
5.84434 -0.0249972 1
5.86934 -0.0249972 1
5.89434 -0.0249972 1
5.91934 -0.0249972 1
5.94434 -0.0249972 1
5.96934 -0.0249972 1
5.99434 -0.0249972 1
6.01934 -0.0249972 1
6.04434 -0.0249972 1
6.06934 -0.0249972 1
6.09434 -0.0249972 1
6.11934 -0.0249972 1
6.14434 -0.0249972 1
6.16934 -0.0249972 1
6.19434 -0.0249972 1
6.21934 -0.0249972 1
6.24434 -0.0249972 1
6.26934 -0.0249972 1
6.29434 -0.0249972 1
6.31934 -0.0249972 1
6.34434 -0.0249972 1
6.36934 -0.0249972 1
6.39434 -0.0249972 1
6.41934 -0.0249972 1
6.44434 -0.0249972 1
6.46934 -0.0249972 1
6.49434 -0.0249972 1
6.51934 -0.0249972 1
6.54434 -0.0249972 1
6.56934 -0.0249972 1
6.59434 -0.0249972 1
6.61934 -0.0249972 1
6.64434 -0.0249972 1
6.66934 -0.0249972 1
6.69434 -0.0249972 1
6.71934 -0.0249972 1
6.74434 -0.0249972 1
6.76934 -0.0249972 1
6.79434 -0.0249972 1
6.81934 -0.0249972 1
6.84434 -0.0249972 1
6.86934 -0.0249972 1
6.89434 -0.0249972 1
6.91934 -0.0249972 1
6.94434 -0.0249972 1
6.96934 -0.0249972 1
6.99434 -0.0249972 1
7.01934 -0.0249972 1
7.04434 -0.0249972 1
7.06934 -0.0250003 1
7.09434 -0.0250003 1
7.11934 -0.0250003 1
7.14434 -0.0250003 1
7.16934 -0.0250003 1
7.19434 -0.0250003 1
7.21934 -0.0250003 1
7.24434 -0.0250003 1
7.26934 -0.0250033 1
7.29434 -0.0250033 1
7.31934 -0.0250033 1
7.34434 -0.0250033 1
7.36934 -0.0250064 1
7.39434 -0.0250064 1
7.41934 -0.0250094 1
7.44434 -0.0250094 1
7.46934 -0.0250125 1
7.49434 -0.0250125 1
7.51934 -0.0250155 1
7.54434 -0.0250186 1
7.56934 -0.0250217 1
7.59434 -0.0250247 1
7.61934 -0.0250278 1
7.64434 -0.0250339 1
7.66934 -0.0250369 1
7.69434 -0.025043 1
7.71934 -0.0250522 1
7.74434 -0.0250583 1
7.76934 -0.0250674 1
7.79434 -0.0250766 1
7.81934 -0.0250888 1
7.84434 -0.025101 1
7.86934 -0.0251163 1
7.89434 -0.0251315 1
7.91934 -0.0251529 1
7.94434 -0.0251742 1
7.96934 -0.0251987 1
7.99434 -0.0252261 1
8.01934 -0.0252597 1
8.04434 -0.0252963 1
8.06934 -0.025339 1
8.09434 -0.0253848 1
8.11934 -0.0254397 1
8.14434 -0.0255038 1
8.16934 -0.025574 1
8.19434 -0.0256564 1
8.21934 -0.025748 1
8.24434 -0.0258548 1
8.26934 -0.0259738 1
8.29404 -0.0221103 1
8.3187 -0.0180453 1
8.34334 -0.0137729 1
8.36793 -0.00927458 1
8.39248 -0.00454436 1
8.41698 0.000430009 1
8.44143 0.00566072 1
8.46581 0.01116 1
8.49013 0.0169522 1
8.51342 0.0260404 1
8.53675 0.035043 1
8.5601 0.0439542 1
8.58349 0.0527799 1
8.60692 0.0615201 1
8.63037 0.0701688 1
8.65469 0.0759671 1
8.67894 0.0820523 1
8.70311 0.0884427 1
8.72719 0.0951444 1
8.75118 0.102176 1
8.77506 0.109579 1
8.79883 0.117331 1
8.82249 0.125393 1
8.84594 0.134066 1
8.86926 0.143081 1
8.8924 0.152536 1
8.91537 0.162417 1
8.93809 0.172836 1
8.96067 0.183584 1
8.98298 0.194858 1
9.005 0.206704 1
9.02668 0.219143 1
9.04801 0.232181 1
9.06897 0.245816 1
9.0895 0.26008 1
9.10952 0.275045 1
9.12937 0.290243 1
9.14853 0.306302 1
9.16698 0.323172 1
9.18493 0.340567 1
9.20214 0.358706 1
9.21831 0.377774 1
9.23415 0.397116 1
9.24923 0.417056 1
9.26341 0.437649 1
9.27738 0.458383 1
9.29064 0.479568 1
9.30322 0.501175 1
9.31513 0.523153 1
9.32679 0.545266 1
9.33789 0.567666 1
9.3482 0.590445 1
9.3581 0.613406 1
9.36734 0.63663 1
9.3762 0.660006 1
9.38453 0.683578 1
9.3925 0.707272 1
9.4 0.731125 1
9.40717 0.755075 1
9.41392 0.779147 1
9.42037 0.803299 1
9.42626 0.827597 1
9.43184 0.851962 1
9.43706 0.876413 1
9.44199 0.900924 1
9.44657 0.925503 1
9.45089 0.950125 1
9.45495 0.974789 1
9.45871 0.999508 1
9.46223 1.02426 1
9.46541 1.04906 1
9.46841 1.07387 1
9.47119 1.09872 1
9.47381 1.12358 1
9.47621 1.14846 1
9.47845 1.17337 1
9.48047 1.19829 1
9.48235 1.22321 1
9.48405 1.24815 1
9.48565 1.2731 1
9.48709 1.29806 1
9.48844 1.32303 1
9.48966 1.34799 1
9.49082 1.37297 1
9.49187 1.39795 1
9.49287 1.42293 1
9.49379 1.44791 1
9.49466 1.4729 1
9.49546 1.49788 1
9.49624 1.52287 1
9.49695 1.54786 1
9.49765 1.57285 1
9.4983 1.59784 1
9.49893 1.62284 1
9.49953 1.64783 1
9.50012 1.67282 1
9.50069 1.69781 1
9.50125 1.72281 1
9.5018 1.7478 1
9.50235 1.77279 1
9.5029 1.79779 1
9.50345 1.82278 1
9.50399 1.84778 1
9.50456 1.87277 1
9.50512 1.89776 1
9.50571 1.92276 1
9.50631 1.94775 1
9.50694 1.97274 1
9.5077 1.99773 1
9.5084 2.02272 1
9.50906 2.04771 1
9.50968 2.07271 1
9.51026 2.0977 1
9.51079 2.1227 1
9.51129 2.14769 1
9.51177 2.17268 1
9.5122 2.19768 1
9.51261 2.22268 1
9.51299 2.24767 1
9.51333 2.27267 1
9.51365 2.29767 1
9.51394 2.32267 1
9.51419 2.34767 1
9.51441 2.37267 1
9.5146 2.39767 1
9.51474 2.42267 1
9.51484 2.44767 1
9.51489 2.47267 1
9.51488 2.49767 1
9.51479 2.52267 1
9.51432 2.54766 1
9.51393 2.57266 1
9.51372 2.59765 1
9.51359 2.62265 1
9.51359 2.64765 1
9.51367 2.67265 1
9.514 2.69765 1
9.5143 2.72265 1
9.51458 2.74765 1
9.51484 2.77265 1
9.51507 2.79765 1
9.51528 2.82265 1
9.51546 2.84765 1
9.51562 2.87265 1
9.51574 2.89765 1
9.51583 2.92265 1
9.51588 2.94765 1
9.51588 2.97265 1
9.51583 2.99765 1
9.51571 3.02265 1
9.51524 3.04764 1
9.51484 3.07263 1
9.51461 3.09763 1
9.51446 3.12263 1
9.51443 3.14763 1
9.51448 3.17263 1
9.51476 3.19763 1
9.51502 3.22263 1
9.51526 3.24763 1
9.51548 3.27263 1
9.51567 3.29763 1
9.51585 3.32263 1
9.516 3.34763 1
9.51613 3.37263 1
9.51623 3.39763 1
9.51629 3.42263 1
9.51632 3.44763 1
9.5163 3.47263 1
9.51623 3.49763 1
9.51609 3.52263 1
9.51563 3.54762 1
9.51523 3.57262 1
9.51499 3.59762 1
9.51482 3.62262 1
9.51479 3.64762 1
9.51482 3.67262 1
9.51508 3.69762 1
9.51532 3.72262 1
9.51554 3.74762 1
9.51574 3.77261 1
9.51593 3.79761 1
9.51609 3.82261 1
9.51623 3.84761 1
9.51634 3.87261 1
9.51643 3.89761 1
9.51648 3.92261 1
9.5165 3.94761 1
9.51648 3.97261 1
9.5164 3.99761 1
9.51626 4.02261 1
9.51579 4.0476 1
9.51539 4.0726 1
9.51515 4.0976 1
9.51498 4.1226 1
9.51494 4.1476 1
9.51496 4.1726 1
9.51521 4.1976 1
9.51545 4.2226 1
9.51566 4.2476 1
9.51585 4.2726 1
9.51603 4.2976 1
9.51618 4.3226 1
9.51632 4.3476 1
9.51643 4.3726 1
9.51651 4.3976 1
9.51656 4.4226 1
9.51657 4.4476 1
9.51654 4.4726 1
9.51646 4.4976 1
9.51631 4.52259 1
9.51585 4.54759 1
9.51544 4.57259 1
9.51519 4.59759 1
9.51502 4.62259 1
9.51497 4.64759 1
9.51499 4.67259 1
9.51524 4.69759 1
9.51546 4.72259 1
9.51566 4.74758 1
9.51585 4.77258 1
9.51602 4.79758 1
9.51616 4.82258 1
9.51627 4.84758 1
9.51637 4.87258 1
9.51643 4.89758 1
9.51646 4.92258 1
9.51645 4.94758 1
9.51638 4.97258 1
9.51626 4.99758 1
9.51607 5.02258 1
9.51552 5.04757 1
9.51504 5.07257 1
9.51471 5.09757 1
9.51444 5.12257 1
9.51429 5.14756 1
9.51419 5.17256 1
9.51433 5.19756 1
9.51442 5.22256 1
9.51447 5.24756 1
9.51447 5.27256 1
9.51441 5.29756 1
9.51429 5.32256 1
9.51408 5.34756 1
9.51378 5.37256 1
9.51336 5.39756 1
9.5128 5.42255 1
9.51205 5.44754 1
9.51109 5.47252 1
9.50985 5.49749 1
9.50825 5.52244 1
9.50567 5.54731 1
9.50285 5.57215 1
9.50004 5.59699 1
9.49699 5.6218 1
9.49387 5.64661 1
9.49051 5.67138 1
9.48749 5.69619 1
9.48385 5.72093 1
9.47947 5.74554 1
9.47421 5.76999 1
9.47559 5.79494 1
9.47697 5.81991 1
9.47835 5.84487 1
9.47973 5.86983 1
9.48111 5.89479 1
9.48249 5.91975 1
9.48387 5.94472 1
9.48525 5.96968 1
9.48663 5.99464 1
9.48801 6.0196 1
9.48939 6.04456 1
9.49077 6.06953 1
9.49215 6.09449 1
9.49353 6.11945 1
9.49492 6.14441 1
9.4963 6.16938 1
9.49768 6.19433 1
9.49906 6.2193 1
9.50044 6.24426 1
9.50183 6.26922 1
9.50321 6.29418 1
9.50459 6.31914 1
9.50597 6.34411 1
9.50735 6.36906 1
9.50874 6.39403 1
9.51012 6.41899 1
9.5115 6.44395 1
9.51288 6.46891 1
9.51427 6.49387 1
9.51565 6.51884 1
9.51703 6.5438 1
9.51841 6.56876 1
9.51979 6.59372 1
9.52118 6.61869 1
9.52256 6.64365 1
9.52394 6.66861 1
9.52532 6.69357 1
9.52671 6.71853 1
9.52809 6.74349 1
9.52947 6.76845 1
9.53099 6.79341 1
9.5324 6.81837 1
9.53371 6.84334 1
9.53491 6.86831 1
9.53601 6.89328 1
9.53703 6.91826 1
9.53807 6.94324 1
9.53894 6.96822 1
9.53964 6.99322 1
9.54018 7.01821 1
9.54054 7.0432 1
9.54077 7.0682 1
9.54084 7.0932 1
9.54077 7.1182 1
9.54056 7.1432 1
9.54022 7.1682 1
9.53973 7.1932 1
9.53911 7.21819 1
9.53834 7.24318 1
9.53744 7.26816 1
9.53653 7.29314 1
9.53536 7.31812 1
9.5339 7.34308 1
9.53211 7.36801 1
9.52995 7.39292 1
9.52736 7.41778 1
9.52426 7.44259 1
9.52061 7.46732 1
9.51636 7.49196 1
9.51148 7.51648 1
9.50594 7.54085 1
9.4997 7.56507 1
9.49275 7.58908 1
9.48502 7.61285 1
9.4765 7.63636 1
9.46774 7.65977 1
9.45885 7.68314 1
9.44998 7.70651 1
9.44118 7.72991 1
9.43251 7.75336 1
9.42389 7.77682 1
9.41471 7.80008 1
9.40495 7.82309 1
9.39458 7.84585 1
9.38359 7.8683 1
9.37196 7.89043 1
9.35963 7.91217 1
9.34658 7.9335 1
9.33287 7.9544 1
9.31849 7.97486 1
9.30352 7.99488 1
9.28786 8.01436 1
9.27167 8.03341 1
9.25475 8.05182 1
9.23716 8.06958 1
9.21908 8.08685 1
9.20031 8.10337 1
9.18094 8.11917 1
9.16115 8.13445 1
9.1408 8.14897 1
9.11994 8.16275 1
9.09882 8.17611 1
9.07732 8.18887 1
9.05542 8.20094 1
9.03317 8.21234 1
9.0106 8.22309 1
8.98794 8.23366 1
8.96504 8.24367 1
8.94189 8.25311 1
8.91852 8.262 1
8.89497 8.27038 1
8.8712 8.27814 1
8.84723 8.28521 1
8.82304 8.29157 1
8.79867 8.29712 1
8.77414 8.30193 1
8.7495 8.3062 1
8.72479 8.30998 1
8.70002 8.31338 1
8.67521 8.31643 1
8.65036 8.31919 1
8.62549 8.32167 1
8.60059 8.32392 1
8.57567 8.32591 1
8.55073 8.32768 1
8.52578 8.3292 1
8.50081 8.33048 1
8.47583 8.33147 1
8.45084 8.33211 1
8.42584 8.33236 1
8.40084 8.33211 1
8.37585 8.33128 1
8.3509 8.32972 1
8.32602 8.32726 1
8.30128 8.32367 1
8.27647 8.32671 1
8.25163 8.32954 1
8.22677 8.33214 1
8.20188 8.33453 1
8.17697 8.33669 1
8.15205 8.33862 1
8.1271 8.3403 1
8.10215 8.34174 1
8.07718 8.34292 1
8.05221 8.34422 1
8.02725 8.34571 1
8.00231 8.34739 1
7.97738 8.34927 1
7.95247 8.35136 1
7.92757 8.3537 1
7.90268 8.35592 1
7.87776 8.35804 1
7.85284 8.36002 1
7.82791 8.36189 1
7.80298 8.36365 1
7.77803 8.3653 1
7.75308 8.36684 1
7.72812 8.36827 1
7.70315 8.36959 1
7.67818 8.37079 1
7.65321 8.37188 1
7.62823 8.37283 1
7.60324 8.37365 1
7.57824 8.3743 1
7.55325 8.37478 1
7.52825 8.37505 1
7.50325 8.37508 1
7.47826 8.3748 1
7.45326 8.37417 1
7.42829 8.3731 1
7.40334 8.37148 1
7.37845 8.36917 1
7.35351 8.36733 1
7.32853 8.36633 1
7.30354 8.36596 1
7.27854 8.36626 1
7.25355 8.36712 1
7.22859 8.36856 1
7.20363 8.37 1
7.17867 8.37133 1
7.1537 8.37257 1
7.12873 8.3737 1
7.10374 8.37471 1
7.07876 8.37561 1
7.05377 8.37638 1
7.02878 8.377 1
7.00379 8.37746 1
6.97879 8.37772 1
6.95379 8.37775 1
6.92879 8.3775 1
6.90379 8.3769 1
6.87882 8.37587 1
6.85382 8.37545 1
6.82882 8.37596 1
6.80383 8.37647 1
6.77884 8.37679 1
6.75384 8.37688 1
6.72884 8.37671 1
6.70384 8.3762 1
6.67885 8.37528 1
6.65386 8.37495 1
6.62887 8.37553 1
6.60387 8.37612 1
6.57887 8.37653 1
6.55387 8.37672 1
6.52887 8.37666 1
6.50388 8.3763 1
6.47889 8.37556 1
6.45392 8.37436 1
6.42898 8.37258 1
6.40401 8.37132 1
6.37902 8.37094 1
6.35402 8.37128 1
6.32904 8.37234 1
6.30406 8.37342 1
6.27908 8.37437 1
6.2541 8.3752 1
6.2291 8.37588 1
6.20411 8.3764 1
6.17911 8.37672 1
6.15411 8.37682 1
6.12912 8.37665 1
6.10412 8.37615 1
6.07913 8.37524 1
6.05413 8.37491 1
6.02914 8.37549 1
6.00415 8.37607 1
5.97915 8.37648 1
5.95415 8.37668 1
5.92915 8.37662 1
5.90416 8.37627 1
5.87917 8.37553 1
5.8542 8.37434 1
5.82926 8.37257 1
5.80429 8.3713 1
5.77929 8.37093 1
5.75429 8.37125 1
5.72932 8.37231 1
5.70434 8.37339 1
5.67936 8.37434 1
5.65437 8.37517 1
5.62939 8.37586 1
5.60439 8.37638 1
5.57939 8.37671 1
5.55439 8.3768 1
5.52939 8.37664 1
5.5044 8.37614 1
5.47942 8.37524 1
5.45442 8.37491 1
5.42942 8.37547 1
5.40443 8.37605 1
5.37943 8.37647 1
5.35443 8.37666 1
5.32943 8.37661 1
5.30443 8.37626 1
5.27945 8.37553 1
5.25448 8.37434 1
5.22954 8.37258 1
5.20457 8.3713 1
5.17957 8.37092 1
5.15457 8.37124 1
5.1296 8.37229 1
5.10462 8.37337 1
5.07964 8.37433 1
5.05465 8.37516 1
5.02966 8.37585 1
5.00467 8.37636 1
4.97967 8.37669 1
4.95467 8.3768 1
4.92967 8.37664 1
4.90467 8.37614 1
4.87969 8.37525 1
4.85469 8.37491 1
4.8297 8.37545 1
4.80471 8.37605 1
4.77971 8.37646 1
4.75471 8.37666 1
4.72971 8.37661 1
4.70471 8.37626 1
4.67972 8.37554 1
4.65475 8.37436 1
4.62981 8.3726 1
4.60484 8.37132 1
4.57985 8.37093 1
4.55485 8.37124 1
4.52987 8.37227 1
4.5049 8.37335 1
4.47992 8.37432 1
4.45493 8.37516 1
4.42994 8.37584 1
4.40494 8.37636 1
4.37995 8.37669 1
4.35495 8.3768 1
4.32995 8.37664 1
4.30495 8.37615 1
4.27996 8.37526 1
4.25497 8.37491 1
4.22998 8.37545 1
4.20498 8.37604 1
4.17998 8.37646 1
4.15499 8.37666 1
4.12999 8.37661 1
4.10499 8.37627 1
4.08 8.37555 1
4.05503 8.37437 1
4.03009 8.37262 1
4.00512 8.37133 1
3.98012 8.37093 1
3.95513 8.37123 1
3.93015 8.37226 1
3.90517 8.37334 1
3.88019 8.37431 1
3.8552 8.37514 1
3.83022 8.37583 1
3.80522 8.37636 1
3.78022 8.37669 1
3.75522 8.3768 1
3.73022 8.37664 1
3.70523 8.37616 1
3.68025 8.37527 1
3.65525 8.37491 1
3.63025 8.37544 1
3.60526 8.37603 1
3.58026 8.37645 1
3.55526 8.37666 1
3.53026 8.37661 1
3.50526 8.37627 1
3.48028 8.37556 1
3.4553 8.37439 1
3.43036 8.37264 1
3.4054 8.37134 1
3.3804 8.37093 1
3.3554 8.37122 1
3.33042 8.37224 1
3.30545 8.37333 1
3.28047 8.3743 1
3.25548 8.37514 1
3.23049 8.37583 1
3.2055 8.37635 1
3.1805 8.37669 1
3.1555 8.3768 1
3.1305 8.37664 1
3.1055 8.37616 1
3.08052 8.37528 1
3.05552 8.37491 1
3.03053 8.37543 1
3.00553 8.37603 1
2.98054 8.37644 1
2.95554 8.37666 1
2.93054 8.37661 1
2.90554 8.37627 1
2.88055 8.37556 1
2.85558 8.3744 1
2.83064 8.37266 1
2.80567 8.37135 1
2.78067 8.37093 1
2.75568 8.37122 1
2.7307 8.37223 1
2.70572 8.37332 1
2.68074 8.37429 1
2.65575 8.37512 1
2.63076 8.37582 1
2.60577 8.37635 1
2.58077 8.37668 1
2.55577 8.3768 1
2.53077 8.37664 1
2.50578 8.37617 1
2.4808 8.37529 1
2.4558 8.37491 1
2.4308 8.37542 1
2.40581 8.37602 1
2.38081 8.37644 1
2.35581 8.37665 1
2.33081 8.37661 1
2.30581 8.37628 1
2.28083 8.37558 1
2.25585 8.37441 1
2.23091 8.37268 1
2.20595 8.37137 1
2.18095 8.37093 1
2.15595 8.37121 1
2.13097 8.37222 1
2.106 8.37331 1
2.08101 8.37428 1
2.05603 8.37512 1
2.03104 8.37581 1
2.00605 8.37634 1
1.98105 8.37668 1
1.95605 8.3768 1
1.93105 8.37665 1
1.90605 8.37617 1
1.88106 8.3753 1
1.85607 8.37491 1
1.83108 8.37541 1
1.80608 8.37602 1
1.78109 8.37644 1
1.75609 8.37665 1
1.73109 8.37662 1
1.70609 8.37628 1
1.6811 8.37558 1
1.65612 8.37443 1
1.63119 8.3727 1
1.60622 8.37138 1
1.58122 8.37093 1
1.55622 8.37121 1
1.53125 8.37221 1
1.50627 8.3733 1
1.48129 8.37427 1
1.4563 8.37511 1
1.43131 8.3758 1
1.40631 8.37633 1
1.38132 8.37668 1
1.35632 8.3768 1
1.33132 8.37665 1
1.30633 8.37618 1
1.28134 8.37531 1
1.25634 8.37492 1
1.23135 8.37541 1
1.20636 8.37601 1
1.18136 8.37643 1
1.15636 8.37665 1
1.13136 8.37662 1
1.10636 8.37629 1
1.08137 8.37559 1
1.0564 8.37444 1
1.03145 8.37273 1
1.00649 8.37139 1
0.981497 8.37094 1
0.956497 8.37121 1
0.931515 8.3722 1
0.90654 8.37329 1
0.881558 8.37426 1
0.856576 8.3751 1
0.831582 8.3758 1
0.806588 8.37633 1
0.781595 8.37668 1
0.756595 8.3768 1
0.731595 8.37665 1
0.706595 8.37619 1
0.681613 8.37532 1
0.656613 8.37492 1
0.631619 8.3754 1
0.606625 8.376 1
0.581631 8.37643 1
0.556631 8.37665 1
0.531631 8.37662 1
0.506631 8.37629 1
0.481643 8.3756 1
0.456668 8.37445 1
0.431729 8.37274 1
0.406765 8.3714 1
0.381772 8.37094 1
0.356772 8.3712 1
0.33179 8.37218 1
0.306814 8.37328 1
0.281833 8.37425 1
0.256845 8.37509 1
0.231857 8.37579 1
0.206863 8.37632 1
0.181863 8.37667 1
0.156863 8.3768 1
0.131863 8.37666 1
0.106869 8.37619 1
0.0818814 8.37533 1
0.0568875 8.37492 1
0.0318936 8.37539 1
0.00689974 8.376 1
-0.0180942 8.37643 1
-0.0430972 8.37664 1
-0.0680972 8.37662 1
-0.0930942 8.3763 1
-0.118085 8.37561 1
-0.143058 8.37447 1
-0.168 8.37276 1
-0.192963 8.37141 1
-0.21796 8.37094 1
-0.242957 8.37119 1
-0.267939 8.37217 1
-0.292914 8.37326 1
-0.317896 8.37424 1
-0.342881 8.37508 1
-0.367871 8.37578 1
-0.392865 8.37632 1
-0.417865 8.37667 1
-0.442862 8.3768 1
-0.467862 8.37666 1
-0.492859 8.3762 1
-0.517844 8.37534 1
-0.542841 8.37492 1
-0.567838 8.37538 1
-0.592829 8.37599 1
-0.617826 8.37642 1
-0.642826 8.37664 1
-0.667826 8.37662 1
-0.692823 8.3763 1
-0.717813 8.37562 1
-0.742786 8.37448 1
-0.767731 8.37279 1
-0.792691 8.37143 1
-0.817688 8.37094 1
-0.842688 8.37119 1
-0.867667 8.37216 1
-0.892646 8.37325 1
-0.917624 8.37423 1
-0.942612 8.37508 1
-0.9676 8.37577 1
-0.992594 8.37632 1
-1.01759 8.37666 1
-1.04259 8.37679 1
-1.06759 8.37666 1
-1.09259 8.37621 1
-1.11757 8.37536 1
-1.14257 8.37492 1
-1.16757 8.37538 1
-1.19256 8.37599 1
-1.21755 8.37642 1
-1.24255 8.37664 1
-1.26755 8.37662 1
-1.29255 8.37631 1
-1.31754 8.37563 1
-1.34252 8.3745 1
-1.36746 8.37281 1
-1.39242 8.37144 1
-1.41742 8.37094 1
-1.44242 8.37119 1
-1.4674 8.37214 1
-1.49237 8.37324 1
-1.51736 8.37422 1
-1.54234 8.37506 1
-1.56733 8.37577 1
-1.59233 8.37631 1
-1.61732 8.37666 1
-1.64232 8.37679 1
-1.66732 8.37666 1
-1.69232 8.37621 1
-1.7173 8.37536 1
-1.7423 8.37492 1
-1.76729 8.37537 1
-1.79229 8.37598 1
-1.81728 8.37641 1
-1.84228 8.37664 1
-1.86728 8.37663 1
-1.89228 8.37631 1
-1.91727 8.37564 1
-1.94225 8.37451 1
-1.96719 8.37282 1
-1.99215 8.37146 1
-2.01715 8.37095 1
-2.04215 8.37118 1
-2.06713 8.37213 1
-2.0921 8.37323 1
-2.11708 8.37421 1
-2.14207 8.37506 1
-2.16706 8.37576 1
-2.19205 8.3763 1
-2.21705 8.37666 1
-2.24205 8.37679 1
-2.26705 8.37666 1
-2.29205 8.37622 1
-2.31703 8.37538 1
-2.34203 8.37493 1
-2.36703 8.37536 1
-2.39202 8.37597 1
-2.41701 8.37641 1
-2.44201 8.37664 1
-2.46701 8.37663 1
-2.49201 8.37632 1
-2.517 8.37564 1
-2.54198 8.37453 1
-2.56692 8.37285 1
-2.59188 8.37147 1
-2.61688 8.37095 1
-2.64188 8.37118 1
-2.66686 8.37212 1
-2.69183 8.37322 1
-2.71682 8.3742 1
-2.7418 8.37505 1
-2.76679 8.37575 1
-2.79178 8.3763 1
-2.81678 8.37666 1
-2.84178 8.37679 1
-2.86678 8.37667 1
-2.89178 8.37622 1
-2.91676 8.37539 1
-2.94176 8.37493 1
-2.96675 8.37535 1
-2.99175 8.37597 1
-3.01675 8.37641 1
-3.04174 8.37664 1
-3.06674 8.37663 1
-3.09174 8.37632 1
-3.11673 8.37565 1
-3.14171 8.37454 1
-3.16665 8.37287 1
-3.19161 8.37148 1
-3.21661 8.37095 1
-3.2416 8.37117 1
-3.26659 8.3721 1
-3.29157 8.37321 1
-3.31654 8.37419 1
-3.34153 8.37504 1
-3.36652 8.37575 1
-3.39151 8.37629 1
-3.41651 8.37665 1
-3.44151 8.37679 1
-3.46651 8.37667 1
-3.49151 8.37623 1
-3.5165 8.37539 1
-3.54149 8.37493 1
-3.56649 8.37534 1
-3.59148 8.37596 1
-3.61647 8.3764 1
-3.64147 8.37663 1
-3.66647 8.37663 1
-3.69147 8.37632 1
-3.71646 8.37566 1
-3.74144 8.37455 1
-3.76638 8.37288 1
-3.79134 8.37149 1
-3.81634 8.37096 1
-3.84134 8.37117 1
-3.86632 8.37209 1
-3.8913 8.3732 1
-3.91628 8.37418 1
-3.94126 8.37503 1
-3.96625 8.37574 1
-3.99124 8.37628 1
-4.01624 8.37665 1
-4.04124 8.37679 1
-4.06624 8.37667 1
-4.09124 8.37624 1
-4.11622 8.37541 1
-4.14122 8.37494 1
-4.16622 8.37534 1
-4.19121 8.37596 1
-4.21621 8.37639 1
-4.24121 8.37663 1
-4.26621 8.37663 1
-4.2912 8.37633 1
-4.31619 8.37567 1
-4.34117 8.37456 1
-4.36611 8.37291 1
-4.39107 8.37151 1
-4.41607 8.37096 1
-4.44107 8.37116 1
-4.46605 8.37208 1
-4.49103 8.37318 1
-4.51601 8.37417 1
-4.54099 8.37502 1
-4.56598 8.37573 1
-4.59098 8.37628 1
-4.61597 8.37664 1
-4.64097 8.37679 1
-4.66597 8.37668 1
-4.69097 8.37624 1
-4.71595 8.37542 1
-4.74095 8.37494 1
-4.76595 8.37533 1
-4.79094 8.37595 1
-4.81594 8.37639 1
-4.84094 8.37663 1
-4.86594 8.37663 1
-4.89093 8.37633 1
-4.91592 8.37568 1
-4.9409 8.37458 1
-4.96585 8.37293 1
-4.99081 8.37152 1
-5.0158 8.37096 1
-5.0408 8.37116 1
-5.06578 8.37207 1
-5.09076 8.37317 1
-5.11574 8.37415 1
-5.14073 8.37502 1
-5.16571 8.37572 1
-5.19071 8.37628 1
-5.2157 8.37664 1
-5.2407 8.37679 1
-5.2657 8.37668 1
-5.2907 8.37625 1
-5.31569 8.37543 1
-5.34068 8.37494 1
-5.36568 8.37532 1
-5.39067 8.37594 1
-5.41567 8.37639 1
-5.44067 8.37663 1
-5.46567 8.37663 1
-5.49067 8.37634 1
-5.51566 8.37569 1
-5.54063 8.37459 1
-5.56558 8.37295 1
-5.59054 8.37153 1
-5.61553 8.37096 1
-5.64053 8.37115 1
-5.66552 8.37205 1
-5.69049 8.37316 1
-5.71547 8.37415 1
-5.74046 8.375 1
-5.76545 8.37572 1
-5.79044 8.37627 1
-5.81544 8.37664 1
-5.84044 8.37679 1
-5.86544 8.37668 1
-5.89043 8.37625 1
-5.91542 8.37544 1
-5.94041 8.37494 1
-5.96541 8.37531 1
-5.99041 8.37594 1
-6.0154 8.37638 1
-6.0404 8.37663 1
-6.0654 8.37663 1
-6.0904 8.37634 1
-6.11539 8.37569 1
-6.14037 8.37461 1
-6.16531 8.37296 1
-6.19027 8.37154 1
-6.21527 8.37096 1
-6.24026 8.37114 1
-6.26525 8.37204 1
-6.29022 8.37314 1
-6.3152 8.37413 1
-6.34019 8.37499 1
-6.36518 8.3757 1
-6.39017 8.37626 1
-6.41517 8.37663 1
-6.44017 8.37679 1
-6.46517 8.37668 1
-6.49016 8.37625 1
-6.51515 8.37544 1
-6.54015 8.37494 1
-6.56514 8.3753 1
-6.59014 8.37592 1
-6.61513 8.37638 1
-6.64013 8.37662 1
-6.66513 8.37663 1
-6.69013 8.37634 1
-6.71512 8.3757 1
-6.7401 8.37462 1
-6.76505 8.37298 1
-6.79 8.37155 1
-6.815 8.37096 1
-6.84 8.37114 1
-6.86498 8.37202 1
-6.88996 8.37313 1
-6.91494 8.37412 1
-6.93992 8.37498 1
-6.96491 8.3757 1
-6.98991 8.37625 1
-7.0149 8.37663 1
-7.0399 8.37678 1
-7.0649 8.37668 1
-7.0899 8.37626 1
-7.11488 8.37545 1
-7.13988 8.37494 1
-7.16488 8.37529 1
-7.18987 8.37592 1
-7.21487 8.37637 1
-7.23986 8.37662 1
-7.26486 8.37663 1
-7.28986 8.37635 1
-7.31485 8.3757 1
-7.33983 8.37463 1
-7.36478 8.373 1
-7.38974 8.37156 1
-7.41473 8.37096 1
-7.43973 8.37113 1
-7.46471 8.37201 1
-7.48969 8.37312 1
-7.51467 8.37411 1
-7.53965 8.37497 1
-7.56464 8.37569 1
-7.58964 8.37625 1
-7.61463 8.37662 1
-7.63963 8.37678 1
-7.66463 8.37668 1
-7.68963 8.37627 1
-7.71462 8.37546 1
-7.73961 8.37494 1
-7.76461 8.37528 1
-7.7896 8.37591 1
-7.8146 8.37636 1
-7.8396 8.37662 1
-7.8646 8.37663 1
-7.88959 8.37635 1
-7.91459 8.37572 1
-7.93956 8.37464 1
-7.96451 8.37302 1
-7.98947 8.37157 1
-8.01446 8.37096 1
-8.03946 8.37113 1
-8.06445 8.372 1
-8.08942 8.37311 1
-8.1144 8.3741 1
-8.13939 8.37497 1
-8.16438 8.37569 1
-8.18937 8.37624 1
-8.21437 8.37662 1
-8.23937 8.37678 1
-8.26437 8.37668 1
-8.28936 8.37627 1
-8.31435 8.37547 1
-8.33934 8.37494 1
-8.36434 8.37528 1
-8.38933 8.37591 1
-8.41433 8.37636 1
-8.43933 8.37661 1
-8.46433 8.37663 1
-8.48933 8.37635 1
-8.51432 8.37572 1
-8.5393 8.37465 1
-8.56425 8.37304 1
-8.5892 8.37158 1
-8.61419 8.37097 1
-8.63919 8.37112 1
-8.66418 8.37199 1
-8.68915 8.3731 1
-8.71414 8.37409 1
-8.73912 8.37495 1
-8.76411 8.37567 1
-8.7891 8.37624 1
-8.8141 8.37661 1
-8.8391 8.37678 1
-8.8641 8.37668 1
-8.8891 8.37628 1
-8.91408 8.37549 1
-8.93908 8.37495 1
-8.96408 8.37527 1
-8.98907 8.3759 1
-9.01406 8.37636 1
-9.03906 8.37661 1
-9.06406 8.37663 1
-9.08906 8.37636 1
-9.11405 8.37574 1
-9.13903 8.37467 1
-9.16398 8.37306 1
-9.18893 8.3716 1
-9.21393 8.37097 1
-9.23893 8.37112 1
-9.26391 8.37198 1
-9.28889 8.37309 1
-9.31387 8.37408 1
-9.33885 8.37495 1
-9.36384 8.37567 1
-9.38884 8.37624 1
-9.41383 8.37661 1
-9.43883 8.37678 1
-9.46383 8.37669 1
-9.48883 8.37628 1
-9.51382 8.3755 1
-9.53881 8.37495 1
-9.56381 8.37526 1
-9.5888 8.37589 1
-9.6138 8.37635 1
-9.63879 8.37661 1
-9.66379 8.37663 1
-9.68879 8.37636 1
-9.71379 8.37574 1
-9.73876 8.37469 1
-9.76371 8.37308 1
-9.78867 8.37161 1
-9.81366 8.37097 1
-9.83866 8.37111 1
-9.86364 8.37196 1
-9.88862 8.37307 1
-9.9136 8.37407 1
-9.93859 8.37494 1
-9.96357 8.37566 1
-9.98857 8.37623 1
-10.0136 8.37661 1
-10.0386 8.37678 1
-10.0636 8.37669 1
-10.0886 8.37629 1
-10.1136 8.3755 1
-10.1385 8.37495 1
-10.1635 8.37525 1
-10.1885 8.37589 1
-10.2135 8.37635 1
-10.2385 8.37661 1
-10.2635 8.37663 1
-10.2885 8.37636 1
-10.3135 8.37575 1
-10.3385 8.3747 1
-10.3634 8.3731 1
-10.3884 8.37162 1
-10.4134 8.37097 1
-10.4384 8.37111 1
-10.4634 8.37195 1
-10.4884 8.37306 1
-10.5133 8.37406 1
-10.5383 8.37493 1
-10.5633 8.37566 1
-10.5883 8.37622 1
-10.6133 8.37661 1
-10.6383 8.37678 1
-10.6633 8.37669 1
-10.6883 8.3763 1
-10.7133 8.37552 1
-10.7383 8.37495 1
-10.7633 8.37525 1
-10.7883 8.37588 1
-10.8133 8.37635 1
-10.8383 8.37661 1
-10.8633 8.37663 1
-10.8883 8.37637 1
-10.9133 8.37576 1
-10.9382 8.37471 1
-10.9632 8.37312 1
-10.9881 8.37163 1
-11.0131 8.37097 1
-11.0381 8.3711 1
-11.0631 8.37193 1
-11.0881 8.37305 1
-11.1131 8.37405 1
-11.1381 8.37492 1
-11.163 8.37565 1
-11.188 8.37622 1
-11.213 8.3766 1
-11.238 8.37678 1
-11.263 8.37669 1
-11.288 8.3763 1
-11.313 8.37553 1
-11.338 8.37495 1
-11.363 8.37523 1
-11.388 8.37588 1
-11.413 8.37634 1
-11.438 8.37661 1
-11.463 8.37663 1
-11.488 8.37638 1
-11.513 8.37577 1
-11.538 8.37472 1
-11.5629 8.37314 1
-11.5879 8.37164 1
-11.6129 8.37097 1
-11.6379 8.3711 1
-11.6628 8.37192 1
-11.6878 8.37304 1
-11.7128 8.37404 1
-11.7378 8.37491 1
-11.7628 8.37564 1
-11.7878 8.37621 1
-11.8128 8.37659 1
-11.8378 8.37677 1
-11.8628 8.37668 1
-11.8878 8.37629 1
-11.9128 8.37552 1
-11.9377 8.37494 1
-11.9627 8.3752 1
-11.9877 8.37584 1
-12.0127 8.3763 1
-12.0377 8.37656 1
-12.0627 8.37658 1
-12.0877 8.37632 1
-12.1127 8.3757 1
-12.1377 8.37464 1
-12.1626 8.37305 1
-12.1876 8.37152 1
-12.2126 8.37082 1
-12.2376 8.3709 1
-12.2626 8.37169 1
-12.2876 8.37278 1
-12.3125 8.37373 1
-12.3375 8.37456 1
-12.3625 8.37522 1
-12.3875 8.37572 1
-12.4125 8.37602 1
-12.4375 8.37608 1
-12.4625 8.37587 1
-12.4875 8.37531 1
-12.5125 8.37429 1
-12.5375 8.37332 1
-12.5625 8.37306 1
-12.5875 8.37309 1
-12.6125 8.37284 1
-12.6374 8.37221 1
-12.6624 8.3711 1
-12.6874 8.36937 1
-12.7122 8.36686 1
-12.737 8.36331 1
-12.7615 8.35831 1
-12.7856 8.35169 1
-12.809 8.343 1
-12.8312 8.33141 1
-12.8529 8.31899 1
-12.8748 8.30696 1
-12.8968 8.29516 1
-12.919 8.28356 1
-12.9412 8.27204 1
-12.9632 8.26024 1
-12.985 8.24803 1
-13.0066 8.23535 1
-13.0278 8.22211 1
-13.0486 8.20829 1
-13.069 8.19381 1
-13.0891 8.17892 1
-13.1089 8.16364 1
-13.1282 8.14778 1
-13.1472 8.13161 1
-13.1661 8.11522 1
-13.1843 8.09801 1
-13.2017 8.08008 1
-13.2185 8.06156 1
-13.2344 8.04231 1
-13.2495 8.0224 1
-13.264 8.00197 1
-13.2776 7.98104 1
-13.2906 7.95967 1
-13.3029 7.93793 1
-13.3147 7.91586 1
-13.3258 7.89349 1
-13.3364 7.87083 1
-13.3464 7.84793 1
-13.3559 7.82481 1
-13.3651 7.80155 1
-13.3739 7.77815 1
-13.3823 7.7546 1
-13.3903 7.73092 1
-13.3979 7.70711 1
-13.4051 7.68317 1
-13.412 7.65912 1
-13.4184 7.63496 1
-13.4244 7.6107 1
-13.4301 7.58636 1
-13.4355 7.56195 1
-13.4406 7.53747 1
-13.4454 7.51293 1
-13.4498 7.48833 1
-13.454 7.46369 1
-13.4579 7.43899 1
-13.4616 7.41425 1
-13.4649 7.38948 1
-13.468 7.36468 1
-13.4709 7.33983 1
-13.4735 7.31497 1
-13.4759 7.29009 1
-13.4781 7.26519 1
-13.4801 7.24027 1
-13.482 7.21534 1
-13.4837 7.1904 1
-13.4853 7.16544 1
-13.4867 7.14049 1
-13.488 7.11552 1
-13.4892 7.09055 1
-13.4904 7.06558 1
-13.4914 7.0406 1
-13.4923 7.01562 1
-13.4932 6.99063 1
-13.4941 6.96565 1
-13.4948 6.94066 1
-13.4955 6.91567 1
-13.4962 6.89068 1
-13.4968 6.86568 1
-13.4974 6.8407 1
-13.4979 6.8157 1
-13.4984 6.7907 1
-13.4989 6.76571 1
-13.4993 6.74071 1
-13.4998 6.71571 1
-13.5002 6.69072 1
-13.5005 6.66572 1
-13.5009 6.64073 1
-13.5012 6.61573 1
-13.5015 6.59073 1
-13.5018 6.56573 1
-13.5021 6.54073 1
-13.5024 6.51573 1
-13.5026 6.49073 1
-13.5029 6.46574 1
-13.5031 6.44074 1
-13.5033 6.41574 1
-13.5035 6.39074 1
-13.5037 6.36574 1
-13.5039 6.34074 1
-13.5041 6.31574 1
-13.5043 6.29074 1
-13.5045 6.26574 1
-13.5046 6.24074 1
-13.5048 6.21574 1
-13.5049 6.19074 1
-13.505 6.16574 1
-13.5052 6.14074 1
-13.5053 6.11574 1
-13.5054 6.09074 1
-13.5055 6.06574 1
-13.5056 6.04074 1
-13.5057 6.01574 1
-13.5058 5.99074 1
-13.5059 5.96574 1
-13.506 5.94074 1
-13.506 5.91574 1
-13.5061 5.89074 1
-13.5062 5.86574 1
-13.5062 5.84074 1
-13.5063 5.81574 1
-13.5063 5.79074 1
-13.5064 5.76574 1
-13.5064 5.74074 1
-13.5064 5.71574 1
-13.5065 5.69074 1
-13.5065 5.66574 1
-13.5065 5.64074 1
-13.5065 5.61574 1
-13.5065 5.59074 1
-13.5065 5.56574 1
-13.5065 5.54074 1
-13.5065 5.51574 1
-13.5064 5.49074 1
-13.5064 5.46574 1
-13.5063 5.44074 1
-13.5063 5.41574 1
-13.5062 5.39074 1
-13.5061 5.36574 1
-13.506 5.34074 1
-13.5059 5.31574 1
-13.5058 5.29075 1
-13.5056 5.26575 1
-13.5055 5.24075 1
-13.5053 5.21575 1
-13.5051 5.19075 1
-13.5049 5.16575 1
-13.5046 5.14075 1
-13.5044 5.11576 1
-13.5041 5.09076 1
-13.5037 5.06576 1
-13.5034 5.04076 1
-13.5032 5.01576 1
-13.5029 4.99076 1
-13.5026 4.96576 1
-13.5024 4.94076 1
-13.5022 4.91576 1
-13.502 4.89077 1
-13.5019 4.86577 1
-13.5019 4.84077 1
-13.5019 4.81577 1
-13.5019 4.79077 1
-13.5021 4.76577 1
-13.5022 4.74077 1
-13.5024 4.71577 1
-13.5027 4.69077 1
-13.503 4.66577 1
-13.5033 4.64077 1
-13.5037 4.61577 1
-13.5042 4.59078 1
-13.5047 4.56579 1
-13.5052 4.54079 1
-13.5058 4.5158 1
-13.5064 4.4908 1
-13.507 4.46581 1
-13.5077 4.44082 1
-13.5085 4.41584 1
-13.5093 4.39085 1
-13.5101 4.36586 1
-13.511 4.34087 1
-13.5119 4.31589 1
-13.5128 4.29091 1
-13.5138 4.26593 1
-13.5148 4.24095 1
-13.5159 4.21598 1
-13.517 4.191 1
-13.5182 4.16602 1
-13.5194 4.14106 1
-13.5206 4.11609 1
-13.5219 4.09112 1
-13.5233 4.06615 1
-13.5247 4.0412 1
-13.5261 4.01623 1
-13.5275 3.99127 1
-13.5289 3.96631 1
-13.5303 3.94135 1
-13.5317 3.91639 1
-13.5331 3.89143 1
-13.5345 3.86647 1
-13.5358 3.84151 1
-13.5373 3.81654 1
-13.5386 3.79159 1
-13.54 3.76662 1
-13.5414 3.74167 1
-13.5428 3.7167 1
-13.5442 3.69174 1
-13.5456 3.66678 1
-13.547 3.64182 1
-13.5484 3.61685 1
-13.5497 3.59189 1
-13.551 3.56692 1
-13.5521 3.54195 1
-13.5533 3.51698 1
-13.5543 3.492 1
-13.5553 3.46702 1
-13.5563 3.44204 1
-13.5571 3.41705 1
-13.5579 3.39206 1
-13.5587 3.36707 1
-13.5593 3.34209 1
-13.56 3.31709 1
-13.5606 3.2921 1
-13.5611 3.2671 1
-13.5616 3.24211 1
-13.5621 3.21712 1
-13.5625 3.19212 1
-13.563 3.16712 1
-13.5634 3.14212 1
-13.5637 3.11713 1
-13.5641 3.09213 1
-13.5644 3.06713 1
-13.5647 3.04214 1
-13.565 3.01714 1
-13.5652 2.99214 1
-13.5655 2.96714 1
-13.5657 2.94214 1
-13.5659 2.91714 1
-13.5661 2.89214 1
-13.5663 2.86714 1
-13.5664 2.84214 1
-13.5666 2.81714 1
-13.5667 2.79214 1
-13.5668 2.76714 1
-13.5668 2.74214 1
-13.5669 2.71714 1
-13.5669 2.69214 1
-13.5668 2.66714 1
-13.5668 2.64214 1
-13.5666 2.61714 1
-13.5664 2.59214 1
-13.5661 2.56715 1
-13.566 2.54215 1
-13.566 2.51715 1
-13.566 2.49215 1
-13.5662 2.46715 1
-13.5663 2.44215 1
-13.5664 2.41715 1
-13.5664 2.39215 1
-13.5665 2.36715 1
-13.5665 2.34215 1
-13.5664 2.31715 1
-13.5663 2.29215 1
-13.5661 2.26715 1
-13.5658 2.24215 1
-13.5655 2.21715 1
-13.5653 2.19215 1
-13.5652 2.16715 1
-13.5652 2.14215 1
-13.5653 2.11715 1
-13.5655 2.09215 1
-13.5657 2.06715 1
-13.5659 2.04215 1
-13.5661 2.01715 1
-13.5662 1.99215 1
-13.5664 1.96715 1
-13.5665 1.94216 1
-13.5666 1.91716 1
-13.5667 1.89216 1
-13.5668 1.86716 1
-13.5668 1.84216 1
-13.5668 1.81716 1
-13.5667 1.79216 1
-13.5666 1.76716 1
-13.5664 1.74216 1
-13.5662 1.71716 1
-13.5661 1.69216 1
-13.5661 1.66716 1
-13.5663 1.64216 1
-13.5665 1.61716 1
-13.5668 1.59217 1
-13.5673 1.56717 1
-13.5677 1.54217 1
-13.5681 1.51717 1
-13.5686 1.49218 1
-13.5692 1.46718 1
-13.5698 1.4422 1
-13.5705 1.4172 1
-13.5713 1.39221 1
-13.5722 1.36723 1
-13.5733 1.34226 1
-13.5747 1.31729 1
-13.5762 1.29234 1
-13.5782 1.26742 1
-13.5744 1.2427 1
-13.571 1.21793 1
-13.5692 1.193 1
-13.5689 1.168 1
-13.5694 1.143 1
-13.5706 1.11804 1
-13.5721 1.09308 1
-13.5735 1.06812 1
-13.5743 1.04313 1
-13.5743 1.01813 1
-13.5738 0.993136 1
-13.5726 0.968161 1
-13.5709 0.943222 1
-13.5686 0.918332 1
-13.5657 0.893503 1
-13.5621 0.868765 1
-13.5578 0.844131 1
-13.5529 0.819619 1
-13.5473 0.79526 1
-13.5409 0.771072 1
-13.5339 0.747073 1
-13.5262 0.7233 1
-13.5119 0.702823 1
-13.4979 0.682065 1
-13.4846 0.660885 1
-13.4733 0.638626 1
-13.461 0.616836 1
-13.4485 0.595187 1
-13.4357 0.573715 1
-13.4246 0.551315 1
-13.4127 0.5293 1
-13.4004 0.507571 1
-13.3875 0.486129 1
-13.3746 0.464718 1
-13.361 0.443771 1
-13.3466 0.42333 1
-13.3316 0.403347 1
-13.316 0.383761 1
-13.2998 0.364773 1
-13.2828 0.346377 1
-13.2651 0.328756 1
-13.2467 0.311783 1
-13.2278 0.295492 1
-13.2081 0.280105 1
-13.1878 0.265445 1
-13.167 0.251577 1
-13.1458 0.238418 1
-13.1241 0.226034 1
-13.102 0.214316 1
-13.0795 0.203262 1
-13.0567 0.193008 1
-13.0337 0.183322 1
-13.0102 0.174661 1
-12.9867 0.166385 1
-12.9628 0.158792 1
-12.9389 0.151553 1
-12.9149 0.144742 1
-12.8907 0.138308 1
-12.8664 0.132596 1
-12.842 0.12706 1
-12.8175 0.121939 1
-12.793 0.11694 1
-12.7685 0.112167 1
-12.7439 0.107565 1
-12.7193 0.103 1
-12.6947 0.0987027 1
-12.67 0.0946744 1
-12.6453 0.090878 1
-12.6206 0.0873319 1
-12.5958 0.0839932 1
-12.571 0.0808743 1
-12.5462 0.0779386 1
-12.5213 0.075192 1
-12.4964 0.0726346 1
-12.4715 0.0702481 1
-12.4466 0.0680448 1
-12.4217 0.0660733 1
-12.3968 0.0642423 1
-12.3718 0.0626126 1
-12.3469 0.0610929 1
-12.3219 0.059744 1
-12.297 0.0584805 1
-12.272 0.0573575 1
-12.247 0.0563077 1
-12.222 0.0553678 1
-12.197 0.0544888 1
-12.1721 0.0537015 1
-12.1471 0.0529569 1
-12.1221 0.0522916 1
-12.0971 0.0516629 1
-12.0721 0.0510953 1
-12.0471 0.0505582 1
-12.0221 0.050076 1
-11.9971 0.0496121 1
-11.9721 0.049191 1
-11.9471 0.0487943 1
-11.9221 0.0484281 1
-11.8971 0.0480802 1
-11.8721 0.0477628 1
-11.8471 0.0474576 1
-11.8221 0.0471768 1
-11.7971 0.0469083 1
-11.7721 0.046658 1
-11.7471 0.04642 1
-11.7221 0.0462003 1
-11.6971 0.0459867 1
-11.6721 0.0457913 1
-11.6471 0.0456021 1
-11.6221 0.0454251 1
-11.5971 0.0452542 1
-11.5721 0.0450955 1
-11.5471 0.0449368 1
-11.5221 0.0447965 1
-11.4971 0.0446561 1
-11.4721 0.0445218 1
-11.4471 0.0443997 1
-11.4221 0.0442777 1
-11.3971 0.0441678 1
-11.3721 0.0440579 1
-11.3471 0.0439542 1
-11.3221 0.0438565 1
-11.2971 0.0437589 1
-11.2721 0.0436673 1
-11.2471 0.0435819 1
-11.2221 0.0434964 1
-11.1971 0.0434171 1
-11.1721 0.0433438 1
-11.1471 0.0432706 1
-11.1221 0.0432034 1
-11.0971 0.0431363 1
-11.0721 0.0430753 1
-11.0471 0.0430142 1
-11.0221 0.0429532 1
-10.9971 0.0428983 1
-10.9721 0.0428433 1
-10.9471 0.0427945 1
-10.9221 0.0427457 1
-10.8971 0.0426969 1
-10.8721 0.0426541 1
-10.8471 0.0426114 1
-10.8221 0.0425687 1
-10.7971 0.0425321 1
-10.7721 0.0424954 1
-10.7471 0.0424588 1
-10.7221 0.0424283 1
-10.6971 0.0423917 1
-10.6721 0.0423612 1
-10.6471 0.0423306 1
-10.6221 0.0423062 1
-10.5971 0.0422757 1
-10.5721 0.0422513 1
-10.5471 0.0422269 1
-10.5221 0.0422025 1
-10.4971 0.0421781 1
-10.4721 0.0421597 1
-10.4471 0.0421353 1
-10.4221 0.042117 1
-10.3971 0.0420987 1
-10.3721 0.0420804 1
-10.3471 0.0420621 1
-10.3221 0.0420438 1
-10.2971 0.0420255 1
-10.2721 0.0420133 1
-10.2471 0.041995 1
-10.2221 0.0419827 1
-10.1971 0.0419644 1
-10.1721 0.0419522 1
-10.1471 0.04194 1
-10.1221 0.0419278 1
-10.0971 0.0419156 1
-10.0721 0.0419034 1
-10.0471 0.0418973 1
-10.0221 0.0418851 1
-9.99713 0.041879 1
-9.97213 0.0418668 1
-9.94713 0.0418607 1
-9.92213 0.0418546 1
-9.89713 0.0418485 1
-9.87213 0.0418363 1
-9.84713 0.0418363 1
-9.82213 0.0418302 1
-9.79713 0.0418241 1
-9.77213 0.0418179 1
-9.74713 0.0418118 1
-9.72213 0.0418057 1
-9.69713 0.0417996 1
-9.67213 0.0417935 1
-9.64713 0.0417935 1
-9.62213 0.0417874 1
-9.59713 0.0417874 1
-9.57213 0.0417813 1
-9.54713 0.0417752 1
-9.52213 0.0417752 1
-9.49713 0.0417691 1
-9.47213 0.0417691 1
-9.44713 0.041763 1
-9.42213 0.041763 1
-9.39713 0.0417569 1
-9.37213 0.0417569 1
-9.34713 0.0417569 1
-9.32213 0.0417508 1
-9.29713 0.0417508 1
-9.27213 0.0417447 1
-9.24713 0.0417447 1
-9.22213 0.0417447 1
-9.19713 0.0417386 1
-9.17213 0.0417386 1
-9.14713 0.0417386 1
-9.12213 0.0417386 1
-9.09713 0.0417386 1
-9.07213 0.0417386 1
-9.04713 0.0417386 1
-9.02213 0.0417386 1
-8.99713 0.0417386 1
-8.97213 0.0417386 1
-8.94713 0.0417386 1
-8.92213 0.0417386 1
-8.89713 0.0417386 1
-8.87213 0.0417386 1
-8.84713 0.0417386 1
-8.82213 0.0417386 1
-8.79713 0.0417386 1
-8.77213 0.0417386 1
-8.74713 0.0417386 1
-8.72213 0.0417386 1
-8.69713 0.0417386 1
-8.67213 0.0417386 1
-8.64713 0.0417386 1
-8.62213 0.0417386 1
-8.59713 0.0417386 1
-8.57213 0.0417386 1
-8.54713 0.0417386 1
-8.52213 0.0417386 1
-8.49713 0.0417386 1
-8.47213 0.0417386 1
-8.44713 0.0417386 1
-8.42213 0.0417386 1
-8.39713 0.0417386 1
-8.37213 0.0417386 1
-8.34713 0.0417386 1
-8.32213 0.0417386 1
-8.29713 0.0417386 1
-8.27213 0.0417386 1
-8.24713 0.0417386 1
-8.22213 0.0417386 1
-8.19713 0.0417386 1
-8.17213 0.0417386 1
-8.14713 0.0417386 1
-8.12213 0.0417386 1
-8.09713 0.0417386 1
-8.07213 0.0417386 1
-8.04713 0.0417386 1
-8.02213 0.0417386 1
-7.99713 0.0417386 1
-7.97213 0.0417386 1
-7.94713 0.0417386 1
-7.92213 0.0417386 1
-7.89713 0.0417386 1
-7.87213 0.0417386 1
-7.84713 0.0417386 1
-7.82213 0.0417386 1
-7.79713 0.0417386 1
-7.77213 0.0417386 1
-7.74713 0.0417386 1
-7.72213 0.0417386 1
-7.69713 0.0417386 1
-7.67213 0.0417386 1
-7.64713 0.0417386 1
-7.62213 0.0417386 1
-7.59713 0.0417386 1
-7.57213 0.0417386 1
-7.54713 0.0417386 1
-7.52213 0.0417386 1
-7.49713 0.0417386 1
-7.47213 0.0417386 1
-7.44713 0.0417386 1
-7.42213 0.0417386 1
-7.39713 0.0417386 1
-7.37213 0.0417386 1
-7.34713 0.0417386 1
-7.32213 0.0417386 1
-7.29713 0.0417386 1
-7.27213 0.0417386 1
-7.24713 0.0417386 1
-7.22213 0.0417386 1
-7.19713 0.0417386 1
-7.17213 0.0417386 1
-7.14713 0.0417386 1
-7.12213 0.0417386 1
-7.09713 0.0417386 1
-7.07213 0.0417386 1
-7.04713 0.0417386 1
-7.02213 0.0417386 1
-6.99713 0.0417386 1
-6.97213 0.0417386 1
-6.94713 0.0417386 1
-6.92213 0.0417386 1
-6.89713 0.0417386 1
-6.87213 0.0417386 1
-6.84713 0.0417386 1
-6.82213 0.0417386 1
-6.79713 0.0417386 1
-6.77213 0.0417386 1
-6.74713 0.0417386 1
-6.72213 0.0417386 1
-6.69713 0.0417386 1
-6.67213 0.0417386 1
-6.64713 0.0417386 1
-6.62213 0.0417386 1
-6.59713 0.0417386 1
-6.57213 0.0417386 1
-6.54713 0.0417386 1
-6.52213 0.0417386 1
-6.49713 0.0417386 1
-6.47213 0.0417386 1
-6.44713 0.0417386 1
-6.42213 0.0417386 1
-6.39713 0.0417386 1
-6.37213 0.0417386 1
-6.34713 0.0417386 1
-6.32213 0.0417386 1
-6.29713 0.0417386 1
-6.27213 0.0417386 1
-6.24713 0.0417325 1
-6.22213 0.0417325 1
-6.19713 0.0417325 1
-6.17213 0.0417325 1
-6.14713 0.0417325 1
-6.12213 0.0417325 1
-6.09713 0.0417325 1
-6.07213 0.0417325 1
-6.04713 0.0417325 1
-6.02213 0.0417325 1
-5.99713 0.0417325 1
-5.97213 0.0417325 1
-5.94713 0.0417325 1
-5.92213 0.0417325 1
-5.89713 0.0417325 1
-5.87213 0.0417325 1
-5.84713 0.0417325 1
-5.82213 0.0417325 1
-5.79713 0.0417325 1
-5.77213 0.0417325 1
-5.74713 0.0417325 1
-5.72213 0.0417325 1
-5.69713 0.0417325 1
-5.67213 0.0417325 1
-5.64713 0.0417325 1
-5.62213 0.0417325 1
-5.59713 0.0417325 1
-5.57213 0.0417325 1
-5.54713 0.0417325 1
-5.52213 0.0417264 1
-5.49713 0.0417264 1
-5.47213 0.0417264 1
-5.44713 0.0417264 1
-5.42213 0.0417264 1
-5.39713 0.0417264 1
-5.37213 0.0417264 1
-5.34713 0.0417203 1
-5.32213 0.0417203 1
-5.29713 0.0417203 1
-5.27213 0.0417203 1
-5.24713 0.0417203 1
-5.22213 0.0417142 1
-5.19713 0.0417142 1
-5.17213 0.0417142 1
-5.14713 0.0417081 1
-5.12213 0.0417081 1
-5.09713 0.041702 1
-5.07213 0.041702 1
-5.04713 0.0416959 1
-5.02213 0.0416959 1
-4.99713 0.0416898 1
-4.97213 0.0416898 1
-4.94713 0.0416837 1
-4.92213 0.0416776 1
-4.89713 0.0416715 1
-4.87213 0.0416654 1
-4.84713 0.0416593 1
-4.82213 0.0416532 1
-4.79713 0.0416471 1
-4.77213 0.0416409 1
-4.74713 0.0416287 1
-4.72213 0.0416226 1
-4.69713 0.0416104 1
-4.67213 0.0415982 1
-4.64713 0.041586 1
-4.62213 0.0415738 1
-4.59713 0.0415555 1
-4.57213 0.0415433 1
-4.54713 0.041525 1
-4.52213 0.0415067 1
-4.49713 0.0414823 1
-4.47213 0.0414639 1
-4.44713 0.0414334 1
-4.42213 0.041409 1
-4.39713 0.0413785 1
-4.37213 0.041348 1
-4.34713 0.0413114 1
-4.32213 0.0412747 1
-4.29713 0.041232 1
-4.27213 0.0411832 1
-4.24713 0.0411344 1
-4.22213 0.0410794 1
-4.19713 0.0410245 1
-4.17213 0.0409574 1
-4.14713 0.0408841 1
-4.12213 0.0408109 1
-4.09713 0.0407254 1
-4.07213 0.0406339 1
-4.04713 0.0405301 1
-4.02213 0.0404202 1
-3.99713 0.0403043 1
-3.97213 0.0401761 1
-3.94713 0.0400296 1
-3.92213 0.039877 1
-3.89714 0.0397061 1
-3.87214 0.039523 1
-3.84714 0.0393216 1
-3.82214 0.039108 1
-3.79714 0.0388638 1
-3.77214 0.0386075 1
-3.74714 0.0383206 1
-3.72214 0.0380094 1
-3.69715 0.0376737 1
-3.67215 0.0373075 1
-3.64715 0.0369046 1
-3.62216 0.0364652 1
-3.59716 0.0359891 1
-3.57217 0.0354642 1
-3.54717 0.0348966 1
-3.52218 0.034274 1
-3.49719 0.0336026 1
-3.4722 0.0328641 1
-3.44721 0.0320584 1
-3.42223 0.0311856 1
-3.39725 0.0302274 1
-3.37228 0.0289456 1
-3.34731 0.0276761 1
-3.32235 0.0264127 1
-3.29738 0.0251798 1
-3.27241 0.023953 1
-3.24744 0.02272 1
-3.22248 0.0212308 1
-3.19752 0.0198148 1
-3.17256 0.0184781 1
-3.14759 0.0172086 1
-3.12262 0.0160062 1
-3.09764 0.0148648 1
-3.07267 0.0137784 1
-3.04769 0.0127469 1
-3.02271 0.0117703 1
-2.99772 0.0108365 1
-2.97274 0.00995149 1
-2.94775 0.00910921 1
-2.92277 0.00830965 1
-2.89778 0.00754671 1
-2.87279 0.00682649 1
-2.8478 0.0061429 1
-2.82281 0.00550203 1
-2.79782 0.00489168 1
-2.77282 0.00432405 1
-2.74783 0.00379305 1
-2.72283 0.00331087 1
-2.69783 0.00287142 1
-2.67284 0.002493 1
-2.64784 0.00217561 1
-2.62284 0.00194368 1
-2.59784 0.0018033 1
-2.57285 0.00263338 1
-2.54787 0.00345735 1
-2.52288 0.00409822 1
-2.49789 0.00472688 1
-2.47289 0.00522127 1
-2.44789 0.00570345 1
-2.4229 0.00608797 1
-2.3979 0.00646028 1
-2.3729 0.00676546 1
-2.3479 0.00705232 1
-2.3229 0.00729036 1
-2.29791 0.00751619 1
-2.27291 0.0076993 1
-2.24791 0.0078763 1
-2.22291 0.00801668 1
-2.19791 0.00815706 1
-2.17291 0.00827303 1
-2.14791 0.00837679 1
-2.12291 0.00846834 1
-2.09791 0.00854769 1
-2.07291 0.00862093 1
-2.04791 0.00868196 1
-2.02291 0.00873689 1
-1.99791 0.00878572 1
-1.97291 0.00882234 1
-1.94791 0.00885896 1
-1.92291 0.00888338 1
-1.89791 0.00890169 1
-1.87291 0.0089139 1
-1.84791 0.0089261 1
-1.82291 0.0089261 1
-1.79791 0.0089139 1
-1.77291 0.00890169 1
-1.74791 0.00887117 1
-1.72291 0.00883455 1
-1.69791 0.00878572 1
-1.67291 0.00872469 1
-1.64791 0.00864534 1
-1.62291 0.00854158 1
-1.59791 0.00841341 1
-1.57291 0.00825472 1
-1.54791 0.0080594 1
-1.52291 0.00782137 1
-1.49791 0.0075284 1
-1.47292 0.00717439 1
-1.44792 0.00674104 1
-1.42293 0.00621004 1
-1.39793 0.00556307 1
-1.37295 0.00477571 1
-1.34796 0.00381136 1
-1.32299 0.00277376 1
-1.29802 0.00143709 1
-1.27309 -0.000418379 1
-1.24819 -0.00264006 1
-1.22333 -0.00527678 1
-1.19853 -0.00846281 1
-1.17378 -0.0119723 1
-1.14916 -0.0163058 1
-1.12416 -0.0164889 1
-1.0993 -0.0191379 1
-1.075 -0.0249972 1
-1.025 -0.0749972 1
-0.0249972 -0.0249972 1
