2.752489566802978516e+00 -1.066172122955322266e-01
5.346175193786621094e+00 -1.904587745666503906e-01
7.716066360473632812e+00 -1.960849761962890625e-01
9.413022041320800781e+00 1.487264633178710938e-01
9.631041526794433594e+00 1.553489685058593750e+00
9.635516166687011719e+00 3.017948150634765625e+00
9.602586746215820312e+00 4.422528266906738281e+00
9.550290107727050781e+00 6.033397674560546875e+00
9.526284217834472656e+00 7.675438880920410156e+00
9.006775856018066406e+00 8.528438568115234375e+00
7.917612075805664062e+00 8.674075126647949219e+00
6.454267024993896484e+00 8.620458602905273438e+00
4.840960502624511719e+00 8.593739509582519531e+00
3.257894992828369141e+00 8.569742202758789062e+00
1.940709114074707031e+00 8.572992324829101562e+00
6.535925865173339844e-01 8.637826919555664062e+00
-9.002757072448730469e-01 8.607896804809570312e+00
-2.539661884307861328e+00 8.616650581359863281e+00
-4.267119884490966797e+00 8.619503021240234375e+00
-5.817808151245117188e+00 8.593532562255859375e+00
-7.631902217864990234e+00 8.539812088012695312e+00
-9.270874023437500000e+00 8.543399810791015625e+00
-1.105720901489257812e+01 8.578758239746093750e+00
-1.275472736358642578e+01 8.407846450805664062e+00
-1.360850811004638672e+01 7.828270912170410156e+00
-1.367183971405029297e+01 6.393081665039062500e+00
-1.370685577392578125e+01 4.669652938842773438e+00
-1.374275302886962891e+01 2.941149711608886719e+00
-1.374285316467285156e+01 1.274342536926269531e+00
-1.340032291412353516e+01 -1.316547393798828125e-01
-1.169898700714111328e+01 -2.830152511596679688e-01
-9.968695640563964844e+00 -1.714725494384765625e-01
-8.216023445129394531e+00 -1.774511337280273438e-01
-6.106266975402832031e+00 -1.545057296752929688e-01
-4.235455513000488281e+00 -2.197666168212890625e-01
-2.157048702239990234e+00 -2.841410636901855469e-01
-3.702239990234375000e-01 -2.308163642883300781e-01
1.270270109176635742e+00 -1.774888038635253906e-01
2.752489566802978516e+00 -1.066172122955322266e-01
